# E=   1 MeV, a=1 fm, t0=1 fm, Ndeg=2
#t [fm]           f(t)   [fm^{0}]    f'(t)  [fm^{-1}]    f''(t) [fm^{-2}]    ....  
5.00000000e-01    1.00253743e+00  5.08128447e-03  
5.40000000e-01    1.00274070e+00  5.08231474e-03  
5.80000000e-01    1.00294401e+00  5.08334521e-03  
6.20000000e-01    1.00314737e+00  5.08437590e-03  
6.60000000e-01    1.00335076e+00  5.08540680e-03  
7.00000000e-01    1.00355420e+00  5.08643790e-03  
7.40000000e-01    1.00375768e+00  5.08746921e-03  
7.80000000e-01    1.00396120e+00  5.08850074e-03  
8.20000000e-01    1.00416476e+00  5.08953247e-03  
8.60000000e-01    1.00436836e+00  5.09056441e-03  
9.00000000e-01    1.00457200e+00  5.09159656e-03  
9.40000000e-01    1.00477569e+00  5.09262892e-03  
9.80000000e-01    1.00497941e+00  5.09366149e-03  
1.02000000e+00    1.00518318e+00  5.09469427e-03  
1.06000000e+00    1.00538699e+00  5.09572725e-03  
1.10000000e+00    1.00559084e+00  5.09676045e-03  
1.14000000e+00    1.00579473e+00  5.09779386e-03  
1.18000000e+00    1.00599866e+00  5.09882747e-03  
1.22000000e+00    1.00620263e+00  5.09986130e-03  
1.26000000e+00    1.00640665e+00  5.10089533e-03  
1.30000000e+00    1.00661071e+00  5.10192958e-03  
1.34000000e+00    1.00681480e+00  5.10296403e-03  
1.38000000e+00    1.00701894e+00  5.10399870e-03  
1.42000000e+00    1.00722312e+00  5.10503357e-03  
1.46000000e+00    1.00742735e+00  5.10606865e-03  
1.50000000e+00    1.00763161e+00  5.10710395e-03  
1.54000000e+00    1.00783591e+00  5.10813945e-03  
1.58000000e+00    1.00804026e+00  5.10917517e-03  
1.62000000e+00    1.00824465e+00  5.11021109e-03  
1.66000000e+00    1.00844908e+00  5.11124722e-03  
1.70000000e+00    1.00865355e+00  5.11228357e-03  
1.74000000e+00    1.00885806e+00  5.11332012e-03  
1.78000000e+00    1.00906261e+00  5.11435688e-03  
1.82000000e+00    1.00926721e+00  5.11539386e-03  
1.86000000e+00    1.00947184e+00  5.11643104e-03  
1.90000000e+00    1.00967652e+00  5.11746844e-03  
1.94000000e+00    1.00988124e+00  5.11850604e-03  
1.98000000e+00    1.01008600e+00  5.11954386e-03  
2.02000000e+00    1.01029081e+00  5.12058188e-03  
2.06000000e+00    1.01049565e+00  5.12162012e-03  
2.10000000e+00    1.01070054e+00  5.12265857e-03  
2.14000000e+00    1.01090546e+00  5.12369723e-03  
2.18000000e+00    1.01111043e+00  5.12473609e-03  
2.22000000e+00    1.01131544e+00  5.12577517e-03  
2.26000000e+00    1.01152049e+00  5.12681446e-03  
2.30000000e+00    1.01172559e+00  5.12785396e-03  
2.34000000e+00    1.01193072e+00  5.12889367e-03  
2.38000000e+00    1.01213590e+00  5.12993359e-03  
2.42000000e+00    1.01234112e+00  5.13097373e-03  
2.46000000e+00    1.01254638e+00  5.13201407e-03  
2.50000000e+00    1.01275168e+00  5.13305462e-03  
2.54000000e+00    1.01295702e+00  5.13409539e-03  
2.58000000e+00    1.01316240e+00  5.13513637e-03  
2.62000000e+00    1.01336783e+00  5.13617755e-03  
2.66000000e+00    1.01357330e+00  5.13721895e-03  
2.70000000e+00    1.01377881e+00  5.13826056e-03  
2.74000000e+00    1.01398436e+00  5.13930238e-03  
2.78000000e+00    1.01418995e+00  5.14034441e-03  
2.82000000e+00    1.01439559e+00  5.14138666e-03  
2.86000000e+00    1.01460126e+00  5.14242911e-03  
2.90000000e+00    1.01480698e+00  5.14347178e-03  
2.94000000e+00    1.01501274e+00  5.14451466e-03  
2.98000000e+00    1.01521854e+00  5.14555774e-03  
3.02000000e+00    1.01542439e+00  5.14660105e-03  
3.06000000e+00    1.01563027e+00  5.14764456e-03  
3.10000000e+00    1.01583620e+00  5.14868828e-03  
3.14000000e+00    1.01604217e+00  5.14973222e-03  
3.18000000e+00    1.01624818e+00  5.15077636e-03  
3.22000000e+00    1.01645423e+00  5.15182072e-03  
3.26000000e+00    1.01666032e+00  5.15286529e-03  
3.30000000e+00    1.01686646e+00  5.15391007e-03  
3.34000000e+00    1.01707263e+00  5.15495507e-03  
3.38000000e+00    1.01727885e+00  5.15600027e-03  
3.42000000e+00    1.01748511e+00  5.15704569e-03  
3.46000000e+00    1.01769142e+00  5.15809132e-03  
3.50000000e+00    1.01789776e+00  5.15913716e-03  
3.54000000e+00    1.01810415e+00  5.16018322e-03  
3.58000000e+00    1.01831058e+00  5.16122948e-03  
3.62000000e+00    1.01851705e+00  5.16227596e-03  
3.66000000e+00    1.01872356e+00  5.16332265e-03  
3.70000000e+00    1.01893011e+00  5.16436955e-03  
3.74000000e+00    1.01913671e+00  5.16541667e-03  
3.78000000e+00    1.01934335e+00  5.16646399e-03  
3.82000000e+00    1.01955003e+00  5.16751153e-03  
3.86000000e+00    1.01975675e+00  5.16855929e-03  
3.90000000e+00    1.01996351e+00  5.16960725e-03  
3.94000000e+00    1.02017032e+00  5.17065543e-03  
3.98000000e+00    1.02037716e+00  5.17170382e-03  
4.02000000e+00    1.02058405e+00  5.17275242e-03  
4.06000000e+00    1.02079098e+00  5.17380123e-03  
4.10000000e+00    1.02099796e+00  5.17485026e-03  
4.14000000e+00    1.02120497e+00  5.17589950e-03  
4.18000000e+00    1.02141203e+00  5.17694895e-03  
4.22000000e+00    1.02161913e+00  5.17799862e-03  
4.26000000e+00    1.02182627e+00  5.17904849e-03  
4.30000000e+00    1.02203345e+00  5.18009859e-03  
4.34000000e+00    1.02224068e+00  5.18114889e-03  
4.38000000e+00    1.02244794e+00  5.18219941e-03  
4.42000000e+00    1.02265525e+00  5.18325014e-03  
4.46000000e+00    1.02286260e+00  5.18430108e-03  
4.50000000e+00    1.02307000e+00  5.18535223e-03  
